%YAML:1.0
---
cameras:
   - { T_SC:[ -9.9999300000000002e-01, 1.2220000000000000e-03,
       -3.5880000000000000e-03, 6.0062159023537696e-02,
       -1.2380000000000000e-03, -9.9999000000000005e-01,
       4.3569999999999998e-03, 1.7930572068640819e-04,
       -3.5829999999999998e-03, 4.3620000000000004e-03,
       9.9998399999999998e-01, -4.5000000000000005e-03, 0., 0., 0., 1. ],
       image_dimension:[ 1280, 800 ], distortion_coefficients:[
       5.2800675005100262e-01, 2.8413658153529370e-01,
       -7.1780082337696893e-01, 3.3306407365739782e-01 ],
       distortion_type:equidistant, focal_length:[
       4.9947335985030458e+02, 4.9927638027536085e+02 ],
       principal_point:[ 6.2094699215410185e+02, 3.4023142643786395e+02 ] }
   - { T_SC:[ -9.9999084893757606e-01, -2.0326583623150353e-03,
       3.8127966230005299e-03, -6.0030113563585938e-02,
       2.0512475043820196e-03, -9.9998577723605975e-01,
       4.9753293628739207e-03, 4.1579872942941114e-05,
       3.8022634152717512e-03, 4.9836918784864808e-03,
       9.9998028520425397e-01, -4.5000000000000005e-03, 0., 0., 0., 1. ],
       image_dimension:[ 1280, 800 ], distortion_coefficients:[
       5.3143663508026640e-01, 2.3578109491006718e-01,
       -5.9123582729272195e-01, 2.5050756621781817e-01 ],
       distortion_type:equidistant, focal_length:[
       4.9733858822557551e+02, 4.9675828817702660e+02 ],
       principal_point:[ 6.4753785452864383e+02, 3.8614004235235296e+02 ] }
camera_params:
   camera_rate: 25
   sigma_absolute_translation: 0.
   sigma_absolute_orientation: 0.
   sigma_c_relative_translation: 0.
   sigma_c_relative_orientation: 0.
   timestampTolerance: 5.0000000000000001e-03
Rl: !!opencv-matrix
   rows: 3
   cols: 3
   dt: d
   data: [ 9.9929364377370189e-01, 4.5714166945801651e-03,
       3.7300344004881351e-02, -4.5815562768028503e-03,
       9.9998948725007064e-01, 1.8636368554802052e-04,
       -3.7299099929629174e-02, -3.5712567160081421e-04,
       9.9930408265236970e-01 ]
Rr: !!opencv-matrix
   rows: 3
   cols: 3
   dt: d
   data: [ 9.9952209994481422e-01, 7.8451213668559120e-03,
       2.9900264089939642e-02, -7.8369934330511197e-03,
       9.9996921462588650e-01, -3.8901724639322979e-04,
       -2.9902395486635296e-02, 1.5450316171039237e-04,
       9.9955281144766617e-01 ]
Pl: !!opencv-matrix
   rows: 3
   cols: 4
   dt: d
   data: [ 5.2224517374543984e+02, 0., 5.9916379974745826e+02, 0., 0.,
       5.2224517374543984e+02, 3.6131570110943210e+02, 0., 0., 0., 1.,
       0. ]
Pr: !!opencv-matrix
   rows: 3
   cols: 4
   dt: d
   data: [ 5.2224517374543984e+02, 0., 5.9916379974745826e+02,
       -6.3550570367932878e+01, 0., 5.2224517374543984e+02,
       3.6131570110943210e+02, 0., 0., 0., 1., 0. ]
Kl: !!opencv-matrix
   rows: 3
   cols: 3
   dt: d
   data: [ 4.9947335985030458e+02, 0., 6.2094699215410185e+02, 0.,
       4.9927638027536085e+02, 3.4023142643786395e+02, 0., 0., 1. ]
Kr: !!opencv-matrix
   rows: 3
   cols: 3
   dt: d
   data: [ 4.9733858822557551e+02, 0., 6.4753785452864383e+02, 0.,
       4.9675828817702660e+02, 3.8614004235235296e+02, 0., 0., 1. ]
Dl: !!opencv-matrix
   rows: 4
   cols: 1
   dt: d
   data: [ 5.2800675005100262e-01, 2.8413658153529370e-01,
       -7.1780082337696893e-01, 3.3306407365739782e-01 ]
Dr: !!opencv-matrix
   rows: 4
   cols: 1
   dt: d
   data: [ 5.3143663508026640e-01, 2.3578109491006718e-01,
       -5.9123582729272195e-01, 2.5050756621781817e-01 ]
imu_params:
   a_max: 176.
   g_max: 30.
   sigma_g_c: 1.2000000000000000e-01
   sigma_a_c: 9.0000000000000011e-03
   sigma_bg: 1.0000000000000001e-01
   sigma_ba: 1.0000000000000000e-03
   sigma_gw_c: 4.0000000000000003e-05
   sigma_aw_c: 4.0000000000000003e-05
   tau: 3600.
   g: 9.8019967000000001e+00
   a0: [ 0., 0., 0. ]
   imu_rate: 200
   T_BS: [ 1., 0., 0., 0., 0., 1., 0., 0., 0., 0., 1., 0., 0., 0., 0.,
       1. ]
useDriver: true
publishing_options:
   publish_rate: 200
   publishLandmarks: true
   landmarkQualityThreshold: 1.0000000000000000e-02
   maximumLandmarkQuality: 5.0000000000000003e-02
   maxPathLength: 20
   publishImuPropagatedState: true
   T_Wc_W: [ 1., 0., 0., 0., 0., 1., 0., 0., 0., 0., 1., 0., 0., 0., 0.,
       1. ]
   trackedBodyFrame: B
   velocitiesFrame: Wc
Acc: !!opencv-matrix
   rows: 3
   cols: 4
   dt: d
   data: [ -4.9550000000000002e-03, 9.9911099999999997e-01,
       9.8499999999999994e-03, 1.0803000000000000e-02,
       -1.5980000000000001e-02, -9.6190000000000008e-03,
       9.9771900000000002e-01, -1.9310000000000000e-03,
       1.8213000000000000e-02, -8.7650000000000002e-03,
       1.5440000000000000e-03, 9.9591900000000000e-01 ]
Gyr: !!opencv-matrix
   rows: 3
   cols: 4
   dt: d
   data: [ -2.6003700000000002e-01, 1.0014730000000001e+00,
       8.6979999999999991e-03, 1.3646999999999999e-02,
       4.7688900000000001e-01, -9.3600000000000003e-03,
       9.9497800000000003e-01, -3.0790000000000001e-03,
       8.5485500000000003e-01, -2.6840000000000002e-03,
       5.6579999999999998e-03, 9.9529000000000001e-01 ]
