%YAML:1.0
cameras:
   - { T_SC:[ -9.9976200000000004e-01, -4.0060000000000000e-03,
       2.1436000000000000e-02, 6.0188720763619169e-02,
       2.7239999999999999e-03, -9.9822400000000000e-01,
       -5.9501999999999999e-02, -2.5675955640189161e-06,
       2.1637000000000000e-02, -5.9429000000000003e-02,
       9.9799800000000005e-01, -4.5000000000000005e-03, 0., 0., 0., 1. ],
       image_dimension:[ 1280., 800. ], distortion_coefficients:[
       -7.9784851707326479e-02, -6.1635666607404356e-05,
       -5.2878938019911151e-03, 2.4746602575246818e-03 ],
       distortion_type:equidistant, focal_length:[
       7.0151924154549818e+02, 7.0107705759451289e+02 ],
       principal_point:[ 5.7875974546027874e+02, 4.0085586518800631e+02 ] }
   - { T_SC:[ -9.9997419772555241e-01, -5.6625284037763396e-03,
       4.3756635170519101e-03, -5.9979676628756765e-02,
       5.3989481919006869e-03, -9.9829824626384756e-01,
       -5.8056224652894409e-02, -4.8708400070484061e-05,
       4.6976553632857021e-03, -5.8030653734043140e-02,
       9.9830373588166410e-01, -4.5000000000000005e-03, 0., 0., 0., 1. ],
       image_dimension:[ 1280., 800. ], distortion_coefficients:[
       -7.2088345582652605e-02, -2.8261350349216924e-02,
       3.6315659343332071e-02, -1.7799728993889648e-02 ],
       distortion_type:equidistant, focal_length:[
       7.0003145635137003e+02, 6.9966132012387118e+02 ],
       principal_point:[ 6.3072554291892129e+02, 4.1623613335682802e+02 ] }
camera_params:
   camera_rate: 25
   sigma_absolute_translation: 0.
   sigma_absolute_orientation: 0.
   sigma_c_relative_translation: 0.
   sigma_c_relative_orientation: 0.
   timestampTolerance: 5.0000000000000001e-03
Rl: !!opencv-matrix
   rows: 3
   cols: 3
   dt: d
   data: [ 9.9991652881341675e-01, -1.0350853302572526e-02,
       7.7327383012808504e-03, 1.0345886665791061e-02,
       9.9994624729849146e-01, 6.8201375558056478e-04,
       -7.7393820700414478e-03, -6.0195479300184087e-04,
       9.9996986935387266e-01 ]
Rr: !!opencv-matrix
   rows: 3
   cols: 3
   dt: d
   data: [ 9.9965468886830522e-01, -8.6542311566561395e-03,
       2.4811434998786856e-02, 8.6701596316588123e-03,
       9.9996227062247789e-01, -5.3447497588983179e-04,
       -2.4805873408800125e-02, 7.4940951786105919e-04,
       9.9969200608477460e-01 ]
Pl: !!opencv-matrix
   rows: 3
   cols: 4
   dt: d
   data: [ 5.9961345580087880e+02, 0., 5.2899388202074806e+02, 0., 0.,
       5.9961345580087880e+02, 4.1094785191356698e+02, 0., 0., 0., 1.,
       0. ]
Pr: !!opencv-matrix
   rows: 3
   cols: 4
   dt: d
   data: [ 5.9961345580087880e+02, 0., 5.2899388202074806e+02,
       -7.2954485197333938e+01, 0., 5.9961345580087880e+02,
       4.1094785191356698e+02, 0., 0., 0., 1., 0. ]
Kl: !!opencv-matrix
   rows: 3
   cols: 3
   dt: d
   data: [ 7.0151924154549818e+02, 0., 5.7875974546027874e+02, 0.,
       7.0107705759451289e+02, 4.0085586518800631e+02, 0., 0., 1. ]
Kr: !!opencv-matrix
   rows: 3
   cols: 3
   dt: d
   data: [ 7.0003145635137003e+02, 0., 6.3072554291892129e+02, 0.,
       6.9966132012387118e+02, 4.1623613335682802e+02, 0., 0., 1. ]
Dl: !!opencv-matrix
   rows: 4
   cols: 1
   dt: d
   data: [ -7.9784851707326479e-02, -6.1635666607404356e-05,
       -5.2878938019911151e-03, 2.4746602575246818e-03 ]
Dr: !!opencv-matrix
   rows: 4
   cols: 1
   dt: d
   data: [ -7.2088345582652605e-02, -2.8261350349216924e-02,
       3.6315659343332071e-02, -1.7799728993889648e-02 ]
TSCl: !!opencv-matrix
   rows: 3
   cols: 4
   dt: d
   data: [ -9.9976200000000004e-01, -4.0060000000000000e-03,
       2.1436000000000000e-02, 6.0188720763619169e-02,
       2.7239999999999999e-03, -9.9822400000000000e-01,
       -5.9501999999999999e-02, -2.5675955640189161e-06,
       2.1637000000000000e-02, -5.9429000000000003e-02,
       9.9799800000000005e-01, -4.5000000000000005e-03 ]
TSCr: !!opencv-matrix
   rows: 3
   cols: 4
   dt: d
   data: [ -9.9997419772555241e-01, -5.6625284037763396e-03,
       4.3756635170519101e-03, -5.9979676628756765e-02,
       5.3989481919006869e-03, -9.9829824626384756e-01,
       -5.8056224652894409e-02, -4.8708400070484061e-05,
       4.6976553632857021e-03, -5.8030653734043140e-02,
       9.9830373588166410e-01, -4.5000000000000005e-03 ]
imu_params:
   a_max: 176.
   g_max: 30.
   sigma_g_c: 1.2000000000000000e+00
   sigma_a_c: 8.0000000000000002e-03
   sigma_bg: 1.0000000000000000e-03
   sigma_ba: 1.0000000000000001e-01
   sigma_gw_c: 4.0000000000000002e-01
   sigma_aw_c: 4.0000000000000003e-05
   tau: 3600.
   g: 9.8100699999999996e+00
   a0: [ 0., 0., 0. ]
   imu_rate: 200
   T_BS: [ 1., 0., 0., 0., 0., 1., 0., 0., 0., 0., 1., 0., 0., 0., 0.,
       1. ]
numKeyframes: 5
numImuFrames: 3
ceres_options:
   minIterations: 3
   maxIterations: 4
   timeLimit: 3.5000000000000003e-02
detection_options:
   threshold: 40.
   octaves: 0
   maxNoKeypoints: 100
imageDelay: 0.
displayImages: false
useDriver: true
publishing_options:
   publish_rate: 200
   publishLandmarks: true
   landmarkQualityThreshold: 1.0000000000000000e-02
   maximumLandmarkQuality: 5.0000000000000003e-02
   maxPathLength: 20
   publishImuPropagatedState: true
   T_Wc_W: [ 1., 0., 0., 0., 0., 1., 0., 0., 0., 0., 1., 0., 0., 0., 0.,
       1. ]
   trackedBodyFrame: B
   velocitiesFrame: Wc
Acc: !!opencv-matrix
   rows: 3
   cols: 4
   dt: d
   data: [ -1.4560000000000000e-03, 9.9856800000000001e-01,
       6.2969999999999996e-03, 2.0038000000000000e-02,
       -1.1065000000000000e-02, -5.1000000000000004e-03,
       9.9749100000000002e-01, -5.5280000000000003e-02,
       1.1700000000000000e-02, -1.6927999999999999e-02,
       5.5424000000000001e-02, 9.9647699999999995e-01 ]
Gyr: !!opencv-matrix
   rows: 3
   cols: 4
   dt: d
   data: [ -1.3456870000000001e+00, 9.9799999999999997e-04,
       3.0000000000000001e-06, 2.0000000000000002e-05,
       -4.4020199999999998e-01, -3.0000000000000001e-06,
       9.9700000000000006e-04, -5.7000000000000003e-05,
       6.2129699999999999e-01, -1.4000000000000000e-05,
       5.7000000000000003e-05, 9.9700000000000006e-04 ]
