%YAML:1.0
---
fx: 5.2224517374543984e+02
fy: 5.2224517374543984e+02
cx: 5.9916379974745826e+02
cy: 3.6131570110943210e+02
k1: 0.
k2: 0.
p1: 0.
p2: 0.
width: 1280
height: 800
